  0	  2
  1	  6
  2	  1
  3	  2
  4	  3
  5	  2
  6	  2
  7	  0
  8	  1
  9	  5
 10	  5
 11	  6
 12	  5
 13	  5
 14	  0
 15	  0
 16	  2
 17	  0
 18	  1
 19	  0
 20	  6
 21	  6
 22	  2
 23	  1
 24	  3
 25	  3
 26	  5
 27	  2
 28	  6
 29	  1
 30	  6
 31	  5
 32	  5
 33	  5
 34	  2
 35	  2
 36	  0
 37	  2
 38	  5
 39	  5
 40	  3
 41	  2
 42	  2
 43	  7
 44	  2
 45	  3
 46	  0
 47	  0
 48	  2
 49	  2
 50	  2
 51	  1
 52	  6
 53	  2
 54	  3
 55	  5
 56	  1
 57	  5
 58	  5
 59	  2
 60	  0
 61	  7
 62	  1
 63	  2
 64	  5
 65	  2
 66	  2
 67	  6
 68	  1
 69	  3
 70	  5
 71	  2
 72	  1
 73	  7
 74	  6
 75	  1
 76	  1
 77	  2
 78	  5
 79	  2
 80	  5
 81	  5
 82	  2
 83	  6
 84	  5
 85	  2
 86	  0
 87	  2
 88	  0
 89	  2
 90	  5
 91	  2
 92	  6
 93	  3
 94	  5
 95	  5
 96	  5
 97	  1
 98	  1
 99	  6
100	  5
101	  2
102	  0
103	  2
104	  0
105	  0
106	  5
107	  2
108	  7
109	  5
110	  1
111	  2
112	  5
113	  6
114	  6
115	  6
116	  5
117	  7
118	  7
119	  3
120	  6
121	  6
122	  0
123	  2
124	  5
125	  0
126	  5
127	  2
128	  1
129	  5
130	  5
131	  0
132	  2
133	  1
134	  0
135	  2
136	  1
137	  0
138	  0
139	  5
140	  5
141	  2
142	  5
143	  2
144	  2
145	  5
146	  1
147	  5
148	  1
149	  5
150	  5
151	  6
152	  2
153	  5
154	  2
155	  0
156	  1
157	  2
158	  1
159	  5
160	  5
161	  2
162	  3
163	  6
164	  0
165	  5
166	  1
167	  6
168	  6
169	  2
170	  1
171	  1
172	  5
173	  2
174	  3
175	  7
176	  2
177	  2
178	  5
179	  6
180	  2
181	  2
182	  6
183	  5
184	  2
185	  6
186	  1
187	  2
188	  5
189	  1
190	  6
191	  1
192	  0
193	  5
194	  7
195	  2
196	  2
197	  5
198	  2
199	  2
200	  2
201	  1
202	  1
203	  3
204	  0
205	  3
206	  5
207	  0
208	  0
209	  3
210	  5
211	  2
212	  1
213	  2
214	  2
215	  1
216	  6
217	  2
218	  5
219	  5
220	  6
221	  0
222	  2
223	  5
224	  0
225	  5
226	  5
227	  0
228	  0
229	  5
230	  1
231	  2
232	  5
233	  2
234	  5
235	  5
236	  2
237	  1
238	  2
239	  5
240	  2
241	  1
242	  5
243	  2
244	  5
245	  2
246	  5
247	  2
248	  6
249	  1
250	  2
251	  1
252	  6
253	  2
254	  2
255	  2
256	  5
257	  1
258	  0
259	  5
260	  3
261	  2
262	  3
263	  0
264	  5
265	  2
266	  6
267	  2
268	  0
269	  3
270	  6
271	  2
272	  5
273	  1
274	  2
275	  5
276	  2
277	  5
278	  2
279	  0
280	  6
281	  6
282	  5
283	  3
284	  3
285	  5
286	  2
287	  0
288	  2
289	  1
290	  0
291	  5
292	  3
293	  3
294	  1
295	  5
296	  2
297	  2
298	  2
299	  6
300	  0
301	  5
302	  2
303	  6
304	  5
305	  5
306	  2
307	  2
308	  1
309	  6
310	  1
311	  6
312	  1
313	  5
314	  2
315	  2
316	  2
317	  1
318	  0
319	  5
320	  1
321	  7
322	  2
323	  1
324	  1
325	  2
326	  5
327	  5
328	  2
329	  0
330	  2
331	  1
332	  2
333	  2
334	  0
335	  2
336	  6
337	  0
338	  3
339	  0
340	  0
341	  2
342	  6
343	  7
344	  5
345	  2
346	  5
347	  3
348	  3
349	  0
350	  6
351	  1
352	  3
353	  2
354	  0
355	  5
356	  2
357	  6
358	  0
359	  0
360	  6
361	  2
362	  1
363	  2
364	  6
365	  1
366	  5
367	  3
368	  2
369	  6
370	  2
371	  2
372	  1
373	  2
374	  1
375	  5
376	  5
377	  7
378	  1
379	  1
380	  3
381	  2
382	  0
383	  0
384	  3
385	  5
386	  5
387	  2
388	  0
389	  5
390	  5
391	  6
392	  2
393	  2
394	  5
395	  5
396	  7
397	  0
398	  0
399	  7
400	  6
401	  2
402	  5
403	  7
404	  5
405	  6
406	  3
407	  5
408	  5
409	  5
410	  5
411	  0
412	  6
413	  5
414	  2
415	  2
416	  5
417	  1
418	  6
419	  2
420	  2
421	  5
422	  5
423	  1
424	  3
425	  5
426	  3
427	  6
428	  5
429	  6
430	  6
431	  2
432	  0
433	  5
434	  2
435	  5
436	  2
437	  1
438	  2
439	  6
440	  6
441	  5
442	  1
443	  5
444	  1
445	  5
446	  2
447	  2
448	  2
449	  2
450	  0
451	  2
452	  2
453	  6
454	  5
455	  0
456	  6
457	  5
458	  0
459	  2
460	  5
461	  5
462	  2
463	  2
464	  1
465	  0
466	  1
467	  0
468	  5
469	  1
470	  1
471	  5
472	  5
473	  5
474	  5
475	  0
476	  3
477	  5
478	  1
479	  5
480	  0
481	  5
482	  5
483	  0
484	  1
485	  1
486	  2
487	  1
488	  2
489	  2
490	  2
491	  1
492	  3
493	  1
494	  2
495	  5
496	  1
497	  3
498	  2
499	  2
500	  2
501	  0
502	  3
503	  7
504	  0
505	  6
506	  6
507	  6
508	  7
509	  0
510	  6
511	  1
512	  5
513	  2
514	  2
515	  2
516	  5
517	  0
518	  2
519	  2
520	  3
521	  5
522	  1
523	  6
524	  0
525	  0
526	  5
527	  6
528	  3
529	  2
530	  2
531	  0
532	  5
533	  3
534	  6
535	  2
536	  5
537	  1
538	  2
539	  5
540	  0
541	  2
542	  3
543	  5
544	  6
545	  1
546	  6
547	  2
548	  1
549	  2
550	  2
551	  2
552	  3
553	  2
554	  2
555	  0
556	  2
557	  0
558	  6
559	  5
560	  1
561	  5
562	  3
563	  5
564	  0
565	  6
566	  2
567	  1
568	  5
569	  2
570	  0
571	  6
572	  2
573	  3
574	  5
575	  2
576	  5
577	  0
578	  2
579	  2
580	  3
581	  2
582	  6
583	  5
584	  2
585	  5
586	  6
587	  6
588	  2
589	  2
590	  2
591	  1
592	  1
593	  3
594	  1
595	  3
596	  5
597	  2
598	  6
599	  6
600	  5
601	  2
602	  5
603	  5
604	  3
605	  2
606	  5
607	  5
608	  1
609	  2
610	  1
611	  6
612	  5
613	  2
614	  3
615	  1
616	  5
617	  2
618	  2
619	  5
620	  3
621	  5
622	  5
623	  1
624	  5
625	  5
626	  2
627	  5
628	  2
629	  6
630	  3
631	  2
632	  1
633	  2
634	  2
635	  6
636	  5
637	  3
638	  7
639	  0
640	  7
641	  2
642	  5
643	  2
644	  3
645	  6
646	  3
647	  2
648	  0
649	  2
650	  0
651	  5
652	  5
653	  0
654	  2
655	  2
656	  3
657	  3
658	  6
659	  5
660	  0
661	  0
662	  5
663	  6
664	  6
665	  0
666	  6
667	  5
668	  1
669	  5
670	  5
671	  5
672	  0
673	  2
674	  5
675	  5
676	  5
677	  5
678	  5
679	  5
680	  2
681	  6
682	  3
683	  2
684	  5
685	  5
686	  2
687	  3
688	  2
689	  0
690	  0
691	  2
692	  1
693	  2
694	  2
695	  6
696	  5
697	  2
698	  0
699	  5
700	  3
701	  0
702	  2
703	  6
704	  6
705	  0
706	  2
707	  1
708	  0
709	  1
710	  5
711	  3
712	  5
713	  3
714	  5
715	  3
716	  2
717	  5
718	  2
719	  3
720	  6
721	  5
722	  0
723	  0
724	  2
725	  3
726	  3
727	  1
728	  3
729	  0
730	  3
731	  3
732	  5
733	  6
734	  5
735	  2
736	  2
737	  0
738	  2
739	  0
740	  1
741	  2
742	  2
743	  0
744	  0
745	  2
746	  2
747	  2
748	  1
749	  6
750	  2
751	  0
752	  0
753	  5
754	  2
755	  1
756	  2
757	  5
758	  2
759	  2
760	  2
761	  1
762	  1
763	  5
764	  2
765	  2
766	  2
767	  3
768	  5
769	  5
770	  6
771	  2
772	  5
773	  5
774	  2
775	  6
776	  0
777	  2
778	  2
779	  5
780	  2
781	  2
782	  3
783	  5
784	  5
785	  1
786	  2
787	  6
788	  1
789	  5
790	  1
791	  1
792	  5
793	  2
794	  0
795	  3
796	  5
797	  0
798	  6
799	  7
800	  5
801	  1
802	  3
803	  5
804	  5
805	  2
806	  2
807	  2
808	  2
809	  0
810	  2
811	  2
812	  2
813	  2
814	  0
815	  2
816	  2
817	  6
818	  1
819	  5
820	  1
821	  2
822	  0
823	  2
824	  6
825	  2
826	  3
827	  5
828	  2
829	  6
830	  2
831	  5
832	  2
833	  2
834	  2
835	  2
836	  5
837	  2
838	  2
839	  7
840	  5
841	  1
842	  5
843	  2
844	  0
845	  2
846	  2
847	  2
848	  2
849	  6
850	  6
851	  2
852	  5
853	  2
854	  2
855	  1
856	  1
857	  5
858	  5
859	  1
860	  5
861	  6
862	  2
863	  2
864	  2
865	  1
866	  2
867	  0
868	  3
869	  2
870	  2
871	  6
872	  2
873	  2
874	  2
875	  2
876	  2
877	  2
878	  6
879	  2
880	  3
881	  7
882	  0
883	  5
884	  5
885	  2
886	  0
887	  0
888	  2
889	  6
890	  5
891	  5
892	  2
893	  6
894	  1
895	  0
896	  2
897	  7
898	  5
899	  2
900	  5
901	  6
902	  2
903	  5
904	  3
905	  6
906	  1
907	  3
908	  2
909	  2
910	  2
911	  5
912	  2
913	  1
914	  0
915	  5
916	  5
917	  0
918	  2
919	  2
920	  6
921	  0
922	  1
923	  5
924	  3
925	  2
926	  2
927	  1
928	  2
929	  2
930	  5
931	  1
932	  5
933	  1
934	  7
935	  2
936	  5
937	  2
938	  2
939	  2
940	  1
941	  2
942	  1
943	  3
944	  6
945	  5
946	  2
947	  5
948	  2
949	  5
950	  6
951	  6
952	  5
953	  5
954	  5
955	  2
956	  2
957	  1
958	  2
959	  5
960	  5
961	  0
962	  2
963	  6
964	  3
965	  2
966	  1
967	  2
968	  0
969	  3
970	  2
971	  3
972	  2
973	  0
974	  2
975	  6
976	  5
977	  2
978	  6
979	  1
980	  2
981	  1
982	  3
983	  5
984	  1
985	  2
986	  5
987	  1
988	  2
989	  1
990	  5
991	  2
992	  5
993	  6
994	  2
995	  5
996	  5
997	  2
998	  1
999	  0
1000	  5
1001	  6
1002	  3
1003	  5
1004	  2
1005	  3
1006	  6
1007	  5
1008	  0
1009	  1
1010	  0
1011	  2
1012	  2
1013	  2
1014	  3
1015	  5
1016	  6
1017	  2
1018	  6
1019	  3
1020	  5
1021	  7
1022	  6
1023	  5
1024	  5
1025	  2
1026	  3
1027	  5
1028	  0
1029	  5
1030	  6
1031	  7
1032	  3
1033	  0
1034	  1
1035	  3
1036	  0
1037	  2
1038	  3
1039	  2
1040	  1
1041	  2
1042	  2
1043	  3
1044	  2
1045	  3
1046	  3
1047	  2
1048	  2
1049	  5
1050	  1
1051	  7
1052	  5
1053	  2
1054	  3
1055	  2
1056	  2
1057	  5
1058	  6
1059	  6
1060	  2
1061	  5
1062	  5
1063	  5
1064	  2
1065	  6
1066	  6
1067	  0
1068	  2
1069	  2
1070	  2
1071	  6
1072	  2
1073	  2
1074	  5
1075	  5
1076	  0
1077	  5
1078	  5
1079	  6
1080	  5
1081	  2
1082	  5
1083	  1
1084	  5
1085	  6
1086	  6
1087	  2
1088	  6
1089	  2
1090	  5
1091	  6
1092	  7
1093	  1
1094	  5
1095	  6
1096	  2
1097	  3
1098	  1
1099	  5
1100	  6
1101	  2
1102	  3
1103	  5
1104	  0
1105	  2
1106	  5
1107	  2
1108	  0
1109	  2
1110	  2
1111	  5
1112	  3
1113	  7
1114	  5
1115	  2
1116	  1
1117	  0
1118	  2
1119	  2
1120	  3
1121	  2
1122	  2
1123	  5
1124	  2
1125	  1
1126	  2
1127	  5
1128	  3
1129	  7
1130	  0
1131	  5
1132	  2
1133	  6
1134	  5
1135	  5
1136	  5
1137	  0
1138	  2
1139	  2
1140	  2
1141	  7
1142	  2
1143	  6
1144	  3
1145	  5
1146	  7
1147	  2
1148	  0
1149	  2
1150	  5
1151	  1
1152	  5
1153	  5
1154	  0
1155	  5
1156	  3
1157	  2
1158	  6
1159	  1
1160	  0
1161	  2
1162	  2
1163	  1
1164	  5
1165	  5
1166	  5
1167	  2
1168	  0
1169	  2
1170	  2
1171	  6
1172	  6
1173	  6
1174	  3
1175	  2
1176	  1
1177	  0
1178	  1
1179	  5
1180	  2
1181	  1
1182	  2
1183	  2
1184	  5
1185	  7
1186	  5
1187	  5
1188	  6
1189	  6
1190	  2
1191	  3
1192	  6
1193	  0
1194	  0
1195	  2
1196	  5
1197	  2
1198	  1
1199	  2
1200	  6
1201	  2
1202	  6
1203	  6
1204	  5
1205	  5
1206	  6
1207	  5
1208	  2
1209	  2
1210	  0
1211	  6
1212	  1
1213	  2
1214	  2
1215	  2
1216	  1
1217	  5
1218	  5
1219	  3
1220	  2
1221	  2
1222	  1
1223	  6
1224	  2
1225	  2
1226	  3
1227	  2
1228	  2
1229	  2
1230	  5
1231	  5
1232	  0
1233	  2
1234	  1
1235	  5
1236	  7
1237	  5
1238	  2
1239	  1
1240	  6
1241	  1
1242	  2
1243	  6
1244	  2
1245	  1
1246	  2
1247	  5
1248	  2
1249	  0
1250	  2
1251	  5
1252	  2
1253	  6
1254	  1
1255	  6
1256	  6
1257	  5
1258	  5
1259	  2
1260	  5
1261	  1
1262	  3
1263	  5
1264	  2
1265	  1
1266	  5
1267	  0
1268	  5
1269	  6
1270	  2
1271	  2
1272	  7
1273	  2
1274	  5
1275	  1
1276	  2
1277	  2
1278	  6
1279	  2
1280	  2
1281	  0
1282	  5
1283	  5
1284	  1
1285	  1
1286	  5
1287	  2
1288	  3
1289	  5
1290	  5
1291	  3
1292	  6
1293	  6
1294	  5
1295	  5
1296	  2
1297	  5
1298	  0
1299	  0
1300	  0
1301	  5
1302	  2
1303	  3
1304	  6
1305	  5
1306	  1
1307	  0
1308	  5
1309	  1
1310	  2
1311	  2
1312	  0
1313	  2
1314	  1
1315	  2
1316	  3
1317	  6
1318	  2
1319	  1
1320	  5
1321	  1
1322	  1
1323	  3
1324	  6
1325	  5
1326	  5
1327	  0
1328	  2
1329	  3
1330	  5
1331	  2
1332	  3
1333	  5
1334	  5
1335	  2
1336	  6
1337	  2
1338	  2
1339	  6
1340	  2
1341	  7
1342	  5
1343	  5
1344	  0
1345	  3
1346	  1
1347	  7
1348	  5
1349	  5
1350	  2
1351	  3
1352	  1
1353	  7
1354	  3
1355	  1
1356	  3
1357	  2
1358	  1
1359	  0
1360	  0
1361	  5
1362	  2
1363	  5
1364	  2
1365	  5
1366	  5
1367	  6
1368	  2
1369	  2
1370	  2
1371	  2
1372	  3
1373	  5
1374	  5
1375	  6
1376	  5
1377	  1
1378	  5
1379	  2
1380	  1
1381	  6
1382	  2
1383	  5
1384	  2
1385	  0
1386	  0
1387	  2
1388	  5
1389	  5
1390	  6
1391	  1
1392	  1
1393	  6
1394	  3
1395	  5
1396	  5
1397	  5
1398	  2
1399	  2
1400	  2
1401	  6
1402	  6
1403	  5
1404	  6
1405	  3
1406	  5
1407	  6
1408	  2
1409	  3
1410	  2
1411	  5
1412	  6
1413	  2
1414	  5
1415	  1
1416	  3
1417	  0
1418	  2
1419	  2
1420	  2
1421	  5
1422	  1
1423	  6
1424	  1
1425	  3
1426	  3
1427	  2
1428	  5
1429	  6
1430	  5
1431	  1
1432	  0
1433	  2
1434	  2
1435	  7
1436	  5
1437	  0
1438	  3
1439	  2
1440	  2
1441	  5
1442	  2
1443	  2
1444	  6
1445	  6
1446	  2
1447	  3
1448	  5
1449	  5
1450	  0
1451	  7
1452	  3
1453	  5
1454	  2
1455	  5
1456	  2
1457	  2
1458	  5
1459	  3
1460	  2
1461	  5
1462	  3
1463	  1
1464	  2
1465	  6
1466	  2
1467	  2
1468	  0
1469	  1
1470	  6
1471	  6
1472	  3
1473	  0
1474	  5
1475	  2
1476	  6
1477	  0
1478	  2
1479	  3
1480	  6
1481	  6
1482	  5
1483	  1
1484	  5
1485	  1
1486	  5
1487	  2
1488	  3
1489	  2
1490	  3
1491	  0
1492	  0
1493	  0
1494	  0
1495	  1
1496	  2
1497	  2
1498	  1
1499	  5
1500	  1
1501	  2
1502	  2
1503	  5
1504	  2
1505	  3
1506	  0
1507	  3
1508	  2
1509	  5
1510	  0
1511	  2
1512	  1
1513	  2
1514	  0
1515	  5
1516	  2
1517	  2
1518	  0
1519	  2
1520	  1
1521	  6
1522	  5
1523	  3
1524	  1
1525	  5
1526	  0
1527	  5
1528	  2
1529	  1
1530	  0
1531	  6
1532	  5
1533	  2
1534	  2
1535	  1
1536	  6
1537	  2
1538	  1
1539	  5
1540	  6
1541	  5
1542	  0
1543	  2
1544	  6
1545	  1
1546	  5
1547	  1
1548	  5
1549	  5
1550	  2
1551	  6
1552	  2
1553	  0
1554	  6
1555	  0
1556	  2
1557	  2
1558	  5
1559	  6
1560	  2
1561	  0
1562	  5
1563	  2
1564	  0
1565	  5
1566	  0
1567	  5
1568	  2
1569	  1
1570	  5
1571	  2
1572	  0
1573	  0
1574	  2
1575	  0
1576	  2
1577	  0
1578	  3
1579	  2
1580	  5
1581	  1
1582	  5
1583	  2
1584	  0
1585	  5
1586	  0
1587	  6
1588	  2
1589	  2
1590	  1
1591	  5
1592	  5
1593	  2
1594	  1
1595	  3
1596	  5
1597	  7
1598	  7
1599	  1
1600	  2
1601	  2
1602	  6
1603	  0
1604	  5
1605	  2
1606	  5
1607	  1
1608	  0
1609	  1
1610	  5
1611	  2
1612	  1
1613	  1
1614	  2
1615	  2
1616	  0
1617	  5
1618	  0
1619	  0
1620	  6
1621	  1
1622	  1
1623	  2
1624	  0
1625	  2
1626	  2
1627	  1
1628	  3
1629	  5
1630	  3
1631	  2
1632	  2
1633	  2
1634	  2
1635	  7
1636	  5
1637	  2
1638	  0
1639	  2
1640	  2
1641	  0
1642	  2
1643	  5
1644	  3
1645	  2
1646	  1
1647	  5
1648	  5
1649	  2
1650	  2
1651	  1
1652	  2
1653	  0
1654	  2
1655	  5
1656	  5
1657	  3
1658	  3
1659	  3
1660	  2
1661	  5
1662	  6
1663	  6
1664	  5
1665	  6
1666	  3
1667	  5
1668	  2
1669	  6
1670	  3
1671	  6
1672	  5
1673	  2
1674	  5
1675	  2
1676	  6
1677	  1
1678	  7
1679	  5
1680	  3
1681	  1
1682	  2
1683	  5
1684	  2
1685	  0
1686	  5
1687	  3
1688	  5
1689	  2
1690	  1
1691	  2
1692	  5
1693	  2
1694	  5
1695	  1
1696	  2
1697	  5
1698	  1
1699	  2
1700	  7
1701	  5
1702	  1
1703	  1
1704	  2
1705	  3
1706	  1
1707	  2
1708	  3
1709	  3
1710	  1
1711	  1
1712	  2
1713	  6
1714	  7
1715	  5
1716	  0
1717	  3
1718	  3
1719	  2
1720	  0
1721	  6
1722	  7
1723	  2
1724	  5
1725	  6
1726	  5
1727	  0
1728	  5
1729	  5
1730	  3
1731	  0
1732	  6
1733	  5
1734	  2
1735	  5
1736	  5
1737	  1
1738	  5
1739	  2
1740	  1
1741	  2
1742	  3
1743	  3
1744	  2
1745	  2
1746	  2
1747	  3
1748	  5
1749	  2
1750	  2
1751	  6
1752	  5
1753	  6
1754	  2
1755	  5
1756	  7
1757	  2
1758	  2
1759	  3
1760	  5
1761	  0
1762	  6
1763	  0
1764	  5
1765	  5
1766	  2
1767	  5
1768	  5
1769	  6
1770	  1
1771	  6
1772	  6
1773	  6
1774	  0
1775	  0
1776	  0
1777	  1
1778	  5
1779	  0
1780	  3
1781	  5
1782	  3
1783	  2
1784	  0
1785	  5
1786	  2
1787	  2
1788	  1
1789	  2
1790	  5
1791	  6
1792	  6
1793	  3
1794	  6
1795	  0
1796	  2
1797	  5
1798	  5
1799	  0
1800	  3
1801	  5
1802	  2
1803	  5
1804	  2
1805	  2
1806	  2
1807	  5
1808	  6
1809	  3
1810	  2
1811	  5
1812	  5
1813	  0
1814	  1
1815	  2
1816	  5
1817	  6
1818	  1
1819	  6
1820	  2
1821	  5
1822	  1
1823	  2
1824	  2
1825	  3
1826	  0
1827	  0
1828	  2
1829	  3
1830	  7
1831	  0
1832	  6
1833	  3
1834	  2
1835	  5
1836	  2
1837	  2
1838	  5
1839	  5
1840	  3
1841	  2
1842	  5
1843	  2
1844	  2
1845	  2
1846	  6
1847	  6
1848	  5
1849	  5
1850	  2
1851	  1
1852	  6
1853	  6
1854	  5
1855	  3
1856	  5
1857	  0
1858	  3
1859	  0
1860	  5
1861	  0
1862	  0
1863	  5
1864	  2
1865	  1
1866	  6
1867	  6
1868	  5
1869	  6
1870	  2
1871	  2
1872	  5
1873	  1
1874	  3
1875	  5
1876	  6
1877	  2
1878	  3
1879	  2
1880	  2
1881	  1
1882	  2
1883	  5
1884	  1
1885	  7
1886	  5
1887	  1
1888	  2
1889	  0
1890	  6
1891	  6
1892	  2
1893	  3
1894	  2
1895	  0
1896	  6
1897	  1
1898	  0
1899	  1
1900	  3
1901	  5
1902	  5
1903	  1
1904	  6
1905	  5
1906	  7
1907	  3
1908	  3
1909	  3
1910	  2
1911	  5
1912	  2
1913	  2
1914	  5
1915	  2
1916	  1
1917	  5
1918	  5
1919	  0
1920	  2
1921	  1
1922	  2
1923	  5
1924	  0
1925	  2
1926	  1
1927	  5
1928	  5
1929	  0
1930	  2
1931	  3
1932	  0
1933	  0
1934	  1
1935	  2
1936	  6
1937	  6
1938	  2
1939	  1
1940	  3
1941	  2
1942	  0
1943	  6
1944	  2
1945	  1
1946	  7
1947	  2
1948	  2
1949	  3
1950	  2
1951	  5
1952	  6
1953	  0
1954	  5
1955	  2
1956	  2
1957	  0
1958	  6
1959	  1
1960	  5
1961	  5
1962	  0
1963	  2
1964	  1
1965	  0
1966	  0
1967	  2
1968	  2
1969	  0
1970	  2
1971	  3
1972	  6
1973	  5
1974	  1
1975	  1
1976	  2
1977	  2
1978	  5
1979	  1
1980	  2
1981	  6
1982	  6
1983	  0
1984	  7
1985	  6
1986	  2
1987	  5
1988	  3
1989	  0
1990	  2
1991	  7
1992	  6
1993	  1
1994	  5
1995	  2
1996	  5
1997	  2
1998	  5
1999	  3
2000	  2
2001	  2
2002	  5
2003	  2
2004	  2
2005	  5
2006	  2
2007	  2
2008	  2
2009	  3
2010	  5
2011	  6
2012	  2
2013	  2
2014	  5
2015	  1
2016	  2
2017	  1
2018	  7
2019	  2
2020	  2
2021	  6
2022	  3
2023	  1
2024	  0
2025	  1
2026	  2
2027	  5
2028	  1
2029	  0
2030	  0
2031	  1
2032	  3
2033	  2
2034	  5
2035	  6
2036	  0
2037	  3
2038	  6
2039	  2
2040	  2
2041	  5
2042	  6
2043	  2
2044	  6
2045	  5
2046	  2
2047	  5
2048	  6
2049	  2
2050	  1
2051	  2
2052	  5
2053	  0
2054	  2
2055	  1
2056	  3
2057	  2
2058	  2
2059	  2
2060	  0
2061	  0
2062	  2
2063	  5
2064	  1
2065	  5
2066	  5
2067	  3
2068	  2
2069	  6
2070	  5
2071	  6
2072	  0
2073	  3
2074	  2
2075	  5
2076	  5
2077	  1
2078	  1
2079	  0
2080	  1
2081	  0
2082	  2
2083	  1
2084	  6
2085	  6
2086	  2
2087	  3
2088	  2
2089	  6
2090	  1
2091	  2
2092	  0
2093	  0
2094	  5
2095	  6
2096	  5
2097	  2
2098	  2
2099	  5
2100	  5
2101	  2
2102	  2
2103	  5
2104	  0
2105	  5
2106	  2
2107	  5
2108	  2
2109	  2
2110	  1
2111	  1
2112	  5
2113	  3
2114	  6
2115	  5
2116	  5
2117	  6
2118	  1
2119	  0
2120	  2
2121	  6
2122	  2
2123	  2
2124	  6
2125	  1
2126	  5
2127	  5
2128	  5
2129	  5
2130	  5
2131	  3
2132	  2
2133	  1
2134	  3
2135	  0
2136	  3
2137	  0
2138	  0
2139	  6
2140	  5
2141	  0
2142	  1
2143	  3
2144	  6
2145	  5
2146	  5
2147	  2
2148	  5
2149	  0
2150	  5
2151	  1
2152	  2
2153	  5
2154	  5
2155	  2
2156	  2
2157	  2
2158	  1
2159	  1
2160	  2
2161	  2
2162	  2
2163	  6
2164	  5
2165	  2
2166	  0
2167	  2
2168	  1
2169	  6
2170	  6
2171	  6
2172	  3
2173	  1
2174	  6
2175	  2
2176	  0
2177	  2
2178	  5
2179	  0
2180	  2
2181	  2
2182	  6
2183	  5
2184	  2
2185	  2
2186	  6
2187	  6
2188	  2
2189	  5
2190	  1
2191	  1
2192	  5
2193	  0
2194	  5
2195	  5
2196	  2
2197	  2
2198	  5
2199	  5
2200	  5
2201	  1
2202	  3
2203	  0
2204	  5
2205	  6
2206	  0
2207	  2
2208	  2
2209	  5
2210	  2
2211	  6
2212	  6
2213	  2
2214	  5
2215	  1
2216	  5
2217	  5
2218	  1
2219	  2
2220	  5
2221	  5
2222	  3
2223	  5
2224	  3
2225	  6
2226	  0
2227	  5
2228	  0
2229	  6
2230	  5
2231	  5
2232	  2
2233	  1
2234	  5
2235	  1
2236	  5
2237	  2
2238	  5
2239	  5
2240	  6
2241	  7
2242	  0
2243	  6
2244	  0
2245	  1
2246	  5
2247	  5
2248	  2
2249	  1
2250	  3
2251	  0
2252	  0
2253	  3
2254	  7
2255	  5
2256	  1
2257	  5
2258	  1
2259	  3
2260	  0
2261	  3
2262	  5
2263	  5
2264	  5
2265	  2
2266	  1
2267	  3
2268	  7
2269	  5
2270	  3
2271	  2
2272	  5
2273	  1
2274	  1
2275	  5
2276	  0
2277	  5
2278	  7
2279	  0
2280	  5
2281	  1
2282	  0
2283	  3
2284	  2
2285	  2
2286	  3
2287	  2
2288	  2
2289	  2
2290	  1
2291	  6
2292	  2
2293	  2
2294	  1
2295	  6
2296	  3
2297	  5
2298	  2
2299	  6
2300	  0
2301	  3
2302	  0
2303	  2
2304	  0
2305	  2
2306	  7
2307	  3
2308	  2
2309	  5
2310	  7
2311	  3
2312	  3
2313	  2
2314	  1
2315	  5
2316	  0
2317	  6
2318	  1
2319	  6
2320	  5
2321	  7
2322	  6
2323	  1
2324	  2
2325	  2
2326	  3
2327	  6
2328	  5
2329	  2
2330	  6
2331	  6
2332	  3
2333	  5
2334	  5
2335	  2
2336	  6
2337	  2
2338	  6
2339	  1
2340	  2
2341	  5
2342	  2
2343	  5
2344	  6
2345	  6
2346	  2
2347	  2
2348	  1
2349	  7
2350	  5
2351	  2
2352	  5
2353	  5
2354	  2
2355	  2
2356	  1
2357	  3
2358	  5
2359	  7
2360	  5
2361	  0
2362	  6
2363	  0
2364	  5
2365	  5
2366	  2
2367	  6
2368	  7
2369	  5
2370	  6
2371	  2
2372	  6
2373	  0
2374	  6
2375	  1
2376	  0
2377	  6
2378	  0
2379	  6
2380	  1
2381	  5
2382	  2
2383	  5
2384	  5
2385	  1
2386	  6
2387	  5
2388	  6
2389	  6
2390	  5
2391	  2
2392	  5
2393	  1
2394	  6
2395	  0
2396	  1
2397	  6
2398	  5
2399	  6
2400	  1
2401	  6
2402	  6
2403	  1
2404	  7
2405	  5
2406	  2
2407	  6
2408	  2
2409	  5
2410	  2
2411	  2
2412	  5
2413	  5
2414	  5
2415	  3
2416	  2
2417	  3
2418	  2
2419	  2
2420	  0
2421	  5
2422	  5
2423	  5
2424	  5
2425	  2
2426	  6
2427	  6
2428	  1
2429	  0
2430	  6
2431	  5
2432	  2
2433	  0
2434	  3
2435	  2
2436	  6
2437	  2
2438	  0
2439	  5
2440	  0
2441	  5
2442	  0
2443	  1
2444	  2
2445	  5
2446	  6
2447	  1
2448	  2
2449	  2
2450	  2
2451	  5
2452	  7
2453	  2
2454	  2
2455	  2
2456	  0
2457	  5
2458	  2
2459	  0
2460	  3
2461	  5
2462	  0
2463	  2
2464	  3
2465	  1
2466	  2
2467	  3
2468	  5
2469	  2
2470	  1
2471	  2
2472	  3
2473	  2
2474	  6
2475	  0
2476	  5
2477	  3
2478	  2
2479	  3
2480	  5
2481	  6
2482	  6
2483	  5
2484	  5
2485	  0
2486	  2
2487	  2
2488	  3
2489	  0
2490	  2
2491	  1
2492	  1
2493	  1
2494	  1
2495	  6
2496	  5
2497	  3
2498	  0
2499	  5
2500	  1
2501	  2
2502	  5
2503	  2
2504	  0
2505	  5
2506	  5
2507	  6
2508	  3
2509	  6
2510	  5
2511	  5
2512	  6
2513	  0
2514	  5
2515	  0
2516	  2
2517	  0
2518	  2
2519	  0
2520	  0
2521	  6
2522	  6
2523	  3
2524	  2
2525	  0
2526	  2
2527	  1
2528	  2
2529	  2
2530	  3
2531	  6
2532	  6
2533	  2
2534	  6
2535	  5
2536	  2
2537	  6
2538	  2
2539	  2
2540	  1
2541	  3
2542	  2
2543	  2
2544	  2
2545	  5
2546	  6
2547	  2
2548	  3
2549	  5
2550	  5
2551	  2
2552	  6
2553	  2
2554	  5
2555	  0
2556	  0
2557	  2
2558	  3
2559	  2
2560	  0
2561	  5
2562	  0
2563	  5
2564	  6
2565	  5
2566	  7
2567	  0
2568	  5
2569	  3
2570	  1
2571	  1
2572	  2
2573	  6
2574	  1
2575	  5
2576	  2
2577	  6
2578	  2
2579	  6
2580	  2
2581	  2
2582	  1
2583	  0
2584	  1
2585	  6
2586	  2
2587	  2
2588	  2
2589	  2
2590	  2
2591	  3
2592	  6
2593	  1
2594	  6
2595	  5
2596	  1
2597	  6
2598	  5
2599	  1
2600	  0
2601	  5
2602	  5
2603	  5
2604	  6
2605	  3
2606	  1
2607	  5
2608	  2
2609	  5
2610	  1
2611	  1
2612	  5
2613	  2
2614	  2
2615	  2
2616	  2
2617	  7
2618	  2
2619	  2
2620	  6
2621	  3
2622	  6
2623	  5
2624	  6
2625	  2
2626	  5
2627	  3
2628	  0
2629	  6
2630	  3
2631	  0
2632	  5
2633	  3
2634	  2
2635	  6
2636	  5
2637	  3
2638	  3
2639	  3
2640	  0
2641	  0
2642	  2
2643	  1
2644	  1
2645	  2
2646	  1
2647	  5
2648	  3
2649	  0
2650	  5
2651	  5
2652	  3
2653	  3
2654	  1
2655	  3
2656	  2
2657	  2
2658	  1
2659	  2
2660	  5
2661	  2
2662	  1
2663	  2
2664	  0
2665	  1
2666	  1
2667	  5
2668	  5
2669	  2
2670	  1
2671	  1
2672	  2
2673	  5
2674	  2
2675	  5
2676	  5
2677	  3
2678	  6
2679	  5
2680	  2
2681	  2
2682	  0
2683	  5
2684	  2
2685	  0
2686	  2
2687	  5
2688	  5
2689	  3
2690	  2
2691	  5
2692	  5
2693	  2
2694	  5
2695	  5
2696	  2
2697	  5
2698	  0
2699	  5
2700	  1
2701	  1
2702	  2
2703	  3
2704	  2
2705	  5
2706	  1
2707	  5
2708	  5
2709	  2
2710	  2
2711	  5
2712	  5
2713	  5
2714	  0
2715	  0
2716	  1
2717	  6
2718	  1
2719	  1
2720	  3
2721	  6
2722	  2
2723	  0
2724	  2
2725	  2
2726	  6
2727	  0
2728	  6
2729	  6
2730	  2
2731	  2
2732	  2
2733	  2
2734	  3
2735	  2
2736	  6
2737	  0
2738	  6
2739	  1
2740	  2
2741	  5
2742	  1
2743	  1
2744	  5
2745	  2
2746	  6
2747	  6
2748	  2
2749	  2
2750	  2
2751	  5
2752	  2
2753	  1
2754	  3
2755	  2
2756	  5
2757	  5
2758	  5
2759	  3
2760	  1
2761	  2
2762	  2
2763	  2
2764	  5
2765	  7
2766	  5
2767	  6
2768	  5
2769	  5
2770	  3
2771	  0
2772	  3
2773	  2
2774	  1
2775	  2
2776	  5
2777	  1
2778	  5
2779	  1
2780	  0
2781	  3
2782	  5
2783	  6
2784	  1
2785	  0
2786	  2
2787	  2
2788	  2
2789	  2
2790	  5
2791	  5
2792	  0
2793	  1
2794	  0
2795	  1
2796	  7
2797	  1
2798	  0
2799	  5
2800	  3
2801	  1
2802	  5
2803	  5
2804	  2
2805	  2
2806	  2
2807	  2
2808	  0
2809	  5
2810	  1
2811	  1
2812	  0
2813	  5
2814	  2
2815	  3
2816	  5
2817	  1
2818	  0
2819	  1
2820	  5
2821	  3
2822	  2
2823	  6
2824	  6
2825	  2
2826	  2
2827	  0
2828	  6
2829	  5
2830	  1
2831	  2
2832	  2
2833	  5
2834	  5
2835	  2
2836	  3
2837	  1
2838	  6
2839	  2
2840	  0
2841	  6
2842	  2
2843	  1
2844	  2
2845	  5
2846	  2
2847	  0
2848	  3
2849	  5
2850	  3
2851	  5
2852	  0
2853	  2
2854	  2
2855	  0
2856	  0
2857	  1
2858	  6
2859	  2
2860	  2
2861	  5
2862	  2
2863	  6
2864	  2
2865	  6
2866	  0
2867	  5
2868	  5
2869	  5
2870	  7
2871	  5
2872	  2
2873	  5
2874	  2
2875	  6
2876	  2
2877	  1
2878	  5
2879	  2
2880	  5
2881	  6
2882	  5
2883	  6
2884	  2
2885	  2
2886	  5
2887	  5
2888	  5
2889	  5
2890	  5
2891	  2
2892	  5
2893	  3
2894	  6
2895	  2
2896	  6
2897	  3
2898	  2
2899	  5
2900	  0
2901	  1
2902	  5
2903	  3
2904	  2
2905	  3
2906	  0
2907	  2
2908	  2
2909	  2
2910	  2
2911	  0
2912	  6
2913	  5
2914	  2
2915	  0
2916	  5
2917	  0
2918	  5
2919	  2
2920	  1
2921	  1
2922	  3
2923	  1
2924	  6
2925	  6
2926	  0
2927	  5
2928	  2
2929	  7
2930	  7
2931	  6
2932	  3
2933	  5
2934	  2
2935	  5
2936	  2
2937	  0
2938	  5
2939	  2
2940	  5
2941	  2
2942	  5
2943	  2
2944	  5
2945	  5
2946	  0
2947	  5
2948	  2
2949	  2
2950	  3
2951	  6
2952	  5
2953	  2
2954	  0
2955	  5
2956	  6
2957	  5
2958	  2
2959	  1
2960	  2
2961	  6
2962	  6
2963	  5
2964	  2
2965	  2
2966	  5
2967	  2
2968	  1
2969	  2
2970	  2
2971	  5
2972	  0
2973	  2
2974	  0
2975	  2
2976	  3
2977	  2
2978	  1
2979	  7
2980	  1
2981	  6
2982	  2
2983	  5
2984	  4
2985	  3
2986	  5
2987	  0
2988	  2
2989	  5
2990	  0
2991	  2
2992	  5
2993	  5
2994	  7
2995	  5
2996	  5
2997	  5
2998	  5
2999	  5
3000	  2
3001	  2
3002	  2
3003	  7
3004	  2
3005	  2
3006	  1
3007	  2
3008	  5
3009	  5
3010	  5
3011	  2
3012	  2
3013	  5
3014	  2
3015	  5
3016	  7
3017	  5
3018	  0
3019	  6
3020	  5
3021	  1
3022	  2
3023	  2
3024	  2
3025	  5
3026	  2
3027	  5
3028	  6
3029	  5
3030	  0
3031	  0
3032	  2
3033	  2
3034	  0
3035	  0
3036	  5
3037	  5
3038	  2
3039	  2
3040	  6
3041	  2
3042	  2
3043	  5
3044	  3
3045	  2
3046	  2
3047	  2
3048	  0
3049	  6
3050	  6
3051	  0
3052	  0
3053	  5
3054	  0
3055	  1
3056	  2
3057	  5
3058	  6
3059	  2
3060	  7
3061	  3
3062	  0
3063	  2
3064	  3
3065	  6
3066	  3
3067	  3
3068	  5
3069	  2
3070	  1
3071	  0
3072	  2
3073	  5
3074	  2
3075	  5
3076	  2
3077	  2
3078	  6
3079	  3
3080	  5
3081	  1
3082	  0
3083	  6
3084	  5
3085	  0
3086	  5
3087	  2
3088	  2
3089	  6
3090	  6
3091	  0
3092	  0
3093	  5
3094	  5
3095	  5
3096	  1
3097	  5
3098	  5
3099	  5
3100	  5
3101	  0
3102	  3
3103	  5
3104	  0
3105	  6
3106	  5
3107	  0
3108	  2
3109	  1
3110	  0
3111	  2
3112	  7
3113	  5
3114	  5
3115	  0
3116	  3
3117	  1
3118	  1
3119	  6
3120	  2
3121	  0
3122	  5
3123	  5
3124	  2
3125	  6
3126	  6
3127	  2
3128	  3
3129	  1
3130	  0
3131	  5
3132	  6
3133	  1
3134	  5
3135	  0
3136	  0
3137	  0
3138	  2
3139	  3
3140	  1
3141	  0
3142	  0
3143	  2
3144	  0
3145	  2
3146	  5
3147	  2
3148	  2
3149	  5
3150	  6
3151	  1
3152	  0
3153	  6
3154	  5
3155	  0
3156	  0
3157	  5
3158	  3
3159	  2
3160	  6
3161	  3
3162	  3
3163	  1
3164	  5
3165	  5
3166	  1
3167	  3
3168	  7
3169	  2
3170	  5
3171	  2
3172	  2
3173	  2
3174	  2
3175	  6
3176	  2
3177	  2
3178	  2
3179	  5
3180	  2
3181	  2
3182	  2
3183	  6
3184	  0
3185	  5
3186	  2
3187	  2
3188	  0
3189	  5
3190	  2
3191	  2
3192	  6
3193	  5
3194	  5
3195	  3
3196	  6
3197	  2
3198	  5
3199	  5
3200	  5
3201	  6
3202	  6
3203	  5
3204	  6
3205	  2
3206	  2
3207	  2
3208	  5
3209	  1
3210	  2
3211	  5
3212	  0
3213	  6
3214	  2
3215	  5
3216	  5
3217	  0
3218	  2
3219	  1
3220	  2
3221	  2
3222	  5
3223	  5
3224	  0
3225	  3
3226	  5
3227	  2
3228	  5
3229	  2
3230	  2
3231	  2
3232	  6
3233	  5
3234	  2
3235	  2
3236	  2
3237	  6
3238	  3
3239	  6
3240	  2
3241	  2
3242	  5
3243	  7
3244	  1
3245	  5
3246	  2
3247	  6
3248	  5
3249	  5
3250	  2
3251	  5
3252	  2
3253	  2
3254	  2
3255	  2
3256	  5
3257	  2
3258	  2
3259	  0
3260	  5
3261	  7
3262	  6
3263	  2
3264	  0
3265	  5
3266	  5
3267	  3
3268	  3
3269	  6
3270	  6
3271	  0
3272	  1
3273	  2
3274	  5
3275	  5
3276	  7
3277	  2
3278	  2
3279	  2
3280	  5
3281	  1
3282	  5
3283	  5
3284	  5
3285	  2
3286	  6
3287	  5
3288	  0
3289	  5
3290	  6
3291	  7
3292	  5
3293	  1
3294	  2
3295	  5
3296	  3
3297	  5
3298	  5
3299	  6
3300	  2
3301	  0
3302	  2
3303	  6
3304	  0
3305	  2
3306	  2
3307	  5
3308	  2
3309	  3
3310	  0
3311	  3
3312	  6
3313	  5
3314	  5
3315	  5
3316	  5
3317	  2
3318	  1
3319	  1
3320	  6
3321	  2
3322	  2
3323	  2
3324	  6
3325	  2
3326	  3
3327	  1
3328	  6
3329	  2
3330	  5
3331	  2
3332	  5
3333	  5
3334	  7
3335	  0
3336	  5
3337	  5
3338	  0
3339	  1
3340	  2
3341	  2
3342	  6
3343	  2
3344	  6
3345	  0
3346	  1
3347	  2
3348	  0
3349	  2
3350	  2
3351	  5
3352	  2
3353	  5
3354	  1
3355	  2
3356	  2
3357	  1
3358	  2
3359	  3
3360	  5
3361	  0
3362	  5
3363	  5
3364	  2
3365	  2
3366	  2
3367	  2
3368	  6
3369	  6
3370	  1
3371	  2
3372	  1
3373	  5
3374	  2
3375	  2
3376	  2
3377	  6
3378	  5
3379	  5
3380	  1
3381	  5
3382	  5
3383	  2
3384	  3
3385	  5
3386	  5
3387	  1
3388	  6
3389	  2
3390	  3
3391	  2
3392	  5
3393	  3
3394	  2
3395	  2
3396	  2
3397	  2
3398	  2
3399	  5
3400	  5
3401	  1
3402	  5
3403	  3
3404	  5
3405	  0
3406	  2
3407	  1
3408	  5
3409	  1
3410	  5
3411	  2
3412	  1
3413	  6
3414	  2
3415	  1
3416	  2
3417	  6
3418	  5
3419	  2
3420	  0
3421	  2
3422	  2
3423	  1
3424	  0
3425	  2
3426	  5
3427	  7
3428	  3
3429	  2
3430	  2
3431	  6
3432	  2
3433	  2
3434	  5
3435	  2
3436	  5
3437	  2
3438	  1
3439	  1
3440	  3
3441	  5
3442	  0
3443	  2
3444	  5
3445	  5
3446	  0
3447	  5
3448	  2
3449	  1
3450	  5
3451	  0
3452	  3
3453	  2
3454	  5
3455	  5
3456	  1
3457	  1
3458	  3
3459	  6
